image: mapafterserialization.pgm
resolution: 0.050000
origin: [-51.137900, -22.280331, 0.000000]
negate: 0
occupied_thresh: 0.65
free_thresh: 0.196

